0,273
0,270
90,35
3,2
3,1
3,3
10,275
10,145
10,223
10,253
10,83
10,257
10,67
10,69
11,25
11,6
11,30
9,5
8,7
8,4
8,2
87,3
87,2
87,1
87,0
86,3
86,2
86,1
86,0
82,3
82,2
82,1
82,0
80,12
80,11
80,10
80,9
80,8
80,7
80,6
80,5
80,4
80,3
80,2
80,1
80,0
71,3
71,2
71,1
71,0
70,3
70,2
70,1
70,0
69,3
69,2
69,1
69,0
67,5
67,4
67,3
67,2
67,1
67,0
58,3
58,1
20,3
20,2
20,1
19,3
19,2
19,1
12,3
12,2
12,1
11,28
11,27
11,24
11,23
11,22
11,21
11,15
11,14
11,13
11,12
11,9
11,8
11,7
11,4
11,3
11,2
11,1
10,298
10,292
10,272
10,260
18,1
10,256
10,250
18,3
10,246
10,230
10,216
10,156
14,1
10,144
14,3
10,140
13,1
10,134
10,126
13,3
10,122
10,90
10,3
10,2
10,1
9,7
